// 000-1 mobs

000-1.gat,0,0,0,0	monster	Piou	1002,4,15000,10000
000-1.gat,28,49,12,19	monster	Tortuga	1004,5,16000,12000
000-1.gat,37,66,22,10	monster	Tortuga	1004,4,35000,28000
000-1.gat,85,58,28,19	monster	Tortuga	1004,4,35000,28000
000-1.gat,60,75,81,110	monster	Tortuga	1004,10,35000,28000
000-1.gat,32,116,16,19	monster	Croc	1006,3,35000,28000
000-1.gat,67,125,44,18	monster	Croc	1006,3,35000,28000
000-1.gat,71,90,9,34	monster	Croc	1006,3,35000,28000
000-1.gat,52,92,9,34	monster	Croc	1006,3,35000,28000
000-1.gat,42,41,19,33	monster	Croc	1006,2,35000,28000
000-1.gat,63,31,20,6	monster	Croc	1006,1,35000,28000
000-1.gat,86,37,24,23	monster	Croc	1006,3,35000,28000
000-1.gat,76,68,3,2	monster	Croc	1006,3,35000,28000
000-1.gat,44,75,5,3	monster	Little Blub	1007,2,25000,40000
000-1.gat,61,64,14,21	monster	Little Blub	1007,2,25000,40000
000-1.gat,62,25,21,9	monster	Little Blub	1007,3,25000,40000
000-1.gat,87,69,8,7	monster	Little Blub	1007,1,25000,40000
000-1.gat,85,33,4,7	monster	Little Blub	1007,1,25000,40000
000-1.gat,77,115,0,0	monster	Crocotree	1010,1,420000,300000
000-1.gat,56,104,0,0	monster	Crocotree	1010,1,420000,300000
000-1.gat,38,112,0,0	monster	Crocotree	1010,1,420000,300000
000-1.gat,66,93,0,0	monster	Crocotree	1010,1,420000,300000
000-1.gat,52,77,0,0	monster	Crocotree	1010,1,420000,300000
000-1.gat,63,63,0,0	monster	Crocotree	1010,1,420000,300000
000-1.gat,30,69,0,0	monster	Crocotree	1010,1,420000,300000
000-1.gat,43,44,0,0	monster	Crocotree	1010,1,420000,300000
000-1.gat,69,33,0,0	monster	Crocotree	1010,1,420000,300000
000-1.gat,83,66,0,0	monster	Crocotree	1010,1,420000,300000
000-1.gat,35,50,1,2	monster	Plushroom fields	1011,1,100000,30000
000-1.gat,54,115,1,2	monster	Plushroom fields	1011,1,100000,30000
000-1.gat,63,80,9,5	monster	Plushroom fields	1011,1,100000,30000
000-1.gat,54,64,1,5	monster	Plushroom fields	1011,1,100000,30000
000-1.gat,78,56,8,7	monster	Plushroom fields	1011,2,100000,30000
000-1.gat,81,62,1,3	monster	Plushroom fields	1011,1,100000,30000

